Webots Project File version R2021b
perspectives: 000000ff00000000fd00000002000000000000030100000260fc0100000001fb0000001e00480074006d006c0052006f0062006f007400570069006e0064006f0077000000000000000301000000000000000000000001000000cd00000260fc0200000002fb0000001a0043006f006e0073006f006c00650041006c006c0041006c006c0100000015000002600000003900fffffffb0000001400540065007800740045006400690074006f007200000000150000021f0000004100ffffff000004310000026000000001000000020000000100000008fc00000000
simulationViewPerspectives: 000000ff000000010000000200000100000002e20100000002010000000100
sceneTreePerspectives: 000000ff0000000100000002000000c0000000fa0100000002010000000200
maximizedDockId: -1
centralWidgetVisible: 1
orthographicViewHeight: 1
textFiles: -1
consoles: Console:All:All
renderingDevicePerspectives: robot(2):camera;1;3.78125;0.0136986;0
renderingDevicePerspectives: robot(2):display;1;3.76563;0.49373;0.0182149
